520 1000
30 20
31 20
30 21
31 21
30 22
31 22
30 23
31 23
30 24
31 24
30 25
31 25
30 26
31 26
30 27
31 27
30 28
31 28
30 29
31 29
30 30
31 30
30 31
31 31
30 32
31 32
30 33
31 33
30 34
31 34
30 35
31 35
30 36
31 36
32 20
32 21
32 22
32 23
32 24
32 25
32 26
32 27
32 28
32 29
32 30
32 31
32 32
32 33
32 34
32 35
32 36
33 20
33 21
33 22
33 23
33 24
33 25
33 26
33 27
33 28
33 29
33 30
33 31
33 32
33 33
33 34
33 35
33 36
34 20
34 21
34 22
34 23
34 24
34 25
34 26
34 27
34 28
34 29
34 30
34 31
34 32
34 33
34 34
34 35
34 36
35 20
35 21
35 22
35 23
35 24
35 25
35 26
35 27
35 28
35 29
35 30
35 31
35 32
35 33
35 34
35 35
35 36
36 20
36 21
36 22
36 23
36 24
36 25
36 26
36 27
36 28
36 29
36 30
36 31
36 32
36 33
36 34
36 35
36 36
37 20
37 21
37 22
37 23
37 24
37 25
37 26
37 27
37 28
37 29
37 30
37 31
37 32
37 33
37 34
37 35
37 36
38 20
38 21
38 22
38 23
38 24
38 25
38 26
38 27
38 28
38 29
38 30
38 31
38 32
38 33
38 34
38 35
38 36
39 20
39 21
39 22
39 23
39 24
39 25
39 26
39 27
39 28
39 29
39 30
39 31
39 32
39 33
39 34
39 35
39 36
40 20
40 21
40 22
40 23
40 24
40 25
40 26
40 27
40 28
40 29
40 30
40 31
40 32
40 33
40 34
40 35
40 36
41 20
41 21
41 22
41 23
41 24
41 25
41 26
41 27
41 28
41 29
41 30
41 31
41 32
41 33
41 34
41 35
41 36
42 20
42 21
42 22
42 23
42 24
42 25
42 26
42 27
42 28
42 29
42 30
42 31
42 32
42 33
42 34
42 35
42 36
43 20
43 21
43 22
43 23
43 24
43 25
43 26
43 27
43 28
43 29
43 30
43 31
43 32
43 33
43 34
43 35
43 36
44 20
44 21
44 22
44 23
44 24
44 25
44 26
44 27
44 28
44 29
44 30
44 31
44 32
44 33
44 34
44 35
44 36
45 20
45 21
45 22
45 23
45 24
45 25
45 26
45 27
45 28
45 29
45 30
45 31
45 32
45 33
45 34
45 35
45 36
46 20
46 21
46 22
46 23
46 24
46 25
46 26
46 27
46 28
46 29
46 30
46 31
46 32
46 33
46 34
46 35
46 36
47 21
47 22
47 23
47 24
47 25
47 26
47 27
47 28
47 29
47 30
47 31
47 32
47 33
47 34
47 35
47 36
47 37
46 37
45 37
44 37
43 37
42 37
41 37
40 37
39 37
38 37
37 37
36 37
35 37
34 37
33 37
32 37
31 37
48 22
48 23
48 24
48 25
48 26
48 27
48 28
48 29
48 30
48 31
48 32
48 33
48 34
48 35
48 36
48 37
48 38
49 23
49 24
49 25
49 26
49 27
49 28
49 29
49 30
49 31
49 32
49 33
49 34
49 35
49 36
49 37
49 38
49 39
50 24
51 25
50 25
51 26
50 26
51 27
50 27
51 28
50 28
51 29
50 29
51 30
50 30
51 31
50 31
51 32
50 32
51 33
50 33
51 34
50 34
51 35
50 35
51 36
50 36
51 37
50 37
51 38
50 38
51 39
50 39
51 40
50 40
51 41
47 38
46 38
45 38
44 38
43 38
42 38
41 38
40 38
39 38
38 38
37 38
36 38
35 38
34 38
33 38
32 38
48 39
47 39
46 39
45 39
44 39
43 39
42 39
41 39
40 39
39 39
38 39
37 39
36 39
35 39
34 39
33 39
49 40
48 40
47 40
46 40
45 40
44 40
43 40
42 40
41 40
40 40
39 40
38 40
37 40
36 40
35 40
34 40
50 41
49 41
48 41
47 41
46 41
45 41
44 41
43 41
42 41
41 41
40 41
39 41
38 41
37 41
36 41
35 41
29 20
29 21
29 22
29 23
29 24
29 25
29 26
29 27
29 28
29 29
29 30
29 31
29 32
29 33
29 34
29 35
29 36
30 37
31 38
32 39
33 40
34 41
28 20
28 21
28 22
28 23
28 24
28 25
28 26
28 27
28 28
28 29
28 30
28 31
28 32
28 33
28 34
28 35
28 36
29 37
30 38
31 39
32 40
33 41
27 20
27 21
27 22
27 23
27 24
27 25
27 26
27 27
27 28
27 29
27 30
27 31
27 32
27 33
27 34
27 35
27 36
28 37
29 38
30 39
31 40
32 41
0 1
2 0
2 3
4 2
4 5
6 4
6 7
8 6
8 9
10 8
10 11
12 10
12 13
14 12
14 15
16 14
16 17
18 16
18 19
20 18
20 21
22 20
22 23
24 22
24 25
26 24
26 27
28 26
28 29
30 28
30 31
32 30
32 33
1 34
3 1
3 35
5 3
5 36
7 5
7 37
9 7
9 38
11 9
11 39
13 11
13 40
15 13
15 41
17 15
17 42
19 17
19 43
21 19
21 44
23 21
23 45
25 23
25 46
27 25
27 47
29 27
29 48
31 29
31 49
33 31
33 50
34 51
35 34
35 52
36 35
36 53
37 36
37 54
38 37
38 55
39 38
39 56
40 39
40 57
41 40
41 58
42 41
42 59
43 42
43 60
44 43
44 61
45 44
45 62
46 45
46 63
47 46
47 64
48 47
48 65
49 48
49 66
50 49
50 67
51 68
52 51
52 69
53 52
53 70
54 53
54 71
55 54
55 72
56 55
56 73
57 56
57 74
58 57
58 75
59 58
59 76
60 59
60 77
61 60
61 78
62 61
62 79
63 62
63 80
64 63
64 81
65 64
65 82
66 65
66 83
67 66
67 84
68 85
69 68
69 86
70 69
70 87
71 70
71 88
72 71
72 89
73 72
73 90
74 73
74 91
75 74
75 92
76 75
76 93
77 76
77 94
78 77
78 95
79 78
79 96
80 79
80 97
81 80
81 98
82 81
82 99
83 82
83 100
84 83
84 101
85 102
86 85
86 103
87 86
87 104
88 87
88 105
89 88
89 106
90 89
90 107
91 90
91 108
92 91
92 109
93 92
93 110
94 93
94 111
95 94
95 112
96 95
96 113
97 96
97 114
98 97
98 115
99 98
99 116
100 99
100 117
101 100
101 118
102 119
103 102
103 120
104 103
104 121
105 104
105 122
106 105
106 123
107 106
107 124
108 107
108 125
109 108
109 126
110 109
110 127
111 110
111 128
112 111
112 129
113 112
113 130
114 113
114 131
115 114
115 132
116 115
116 133
117 116
117 134
118 117
118 135
119 136
120 119
120 137
121 120
121 138
122 121
122 139
123 122
123 140
124 123
124 141
125 124
125 142
126 125
126 143
127 126
127 144
128 127
128 145
129 128
129 146
130 129
130 147
131 130
131 148
132 131
132 149
133 132
133 150
134 133
134 151
135 134
135 152
136 153
137 136
137 154
138 137
138 155
139 138
139 156
140 139
140 157
141 140
141 158
142 141
142 159
143 142
143 160
144 143
144 161
145 144
145 162
146 145
146 163
147 146
147 164
148 147
148 165
149 148
149 166
150 149
150 167
151 150
151 168
152 151
152 169
153 170
154 153
154 171
155 154
155 172
156 155
156 173
157 156
157 174
158 157
158 175
159 158
159 176
160 159
160 177
161 160
161 178
162 161
162 179
163 162
163 180
164 163
164 181
165 164
165 182
166 165
166 183
167 166
167 184
168 167
168 185
169 168
169 186
170 187
171 170
171 188
172 171
172 189
173 172
173 190
174 173
174 191
175 174
175 192
176 175
176 193
177 176
177 194
178 177
178 195
179 178
179 196
180 179
180 197
181 180
181 198
182 181
182 199
183 182
183 200
184 183
184 201
185 184
185 202
186 185
186 203
187 204
188 187
188 205
189 188
189 206
190 189
190 207
191 190
191 208
192 191
192 209
193 192
193 210
194 193
194 211
195 194
195 212
196 195
196 213
197 196
197 214
198 197
198 215
199 198
199 216
200 199
200 217
201 200
201 218
202 201
202 219
203 202
203 220
204 221
205 204
205 222
206 205
206 223
207 206
207 224
208 207
208 225
209 208
209 226
210 209
210 227
211 210
211 228
212 211
212 229
213 212
213 230
214 213
214 231
215 214
215 232
216 215
216 233
217 216
217 234
218 217
218 235
219 218
219 236
220 219
220 237
221 238
222 221
222 239
223 222
223 240
224 223
224 241
225 224
225 242
226 225
226 243
227 226
227 244
228 227
228 245
229 228
229 246
230 229
230 247
231 230
231 248
232 231
232 249
233 232
233 250
234 233
234 251
235 234
235 252
236 235
236 253
237 236
237 254
238 255
239 238
239 256
240 239
240 257
241 240
241 258
242 241
242 259
243 242
243 260
244 243
244 261
245 244
245 262
246 245
246 263
247 246
247 264
248 247
248 265
249 248
249 266
250 249
250 267
251 250
251 268
252 251
252 269
253 252
253 270
254 253
254 271
255 272
256 255
256 273
257 256
257 274
258 257
258 275
259 258
259 276
260 259
260 277
261 260
261 278
262 261
262 279
263 262
263 280
264 263
264 281
265 264
265 282
266 265
266 283
267 266
267 284
268 267
268 285
269 268
269 286
270 269
270 287
271 270
271 288
273 272
274 273
275 274
276 275
277 276
278 277
279 278
280 279
281 280
282 281
283 282
284 283
285 284
286 285
287 286
288 287
272 289
273 290
274 291
275 292
276 293
277 294
278 295
279 296
280 297
281 298
282 299
283 300
284 301
285 302
286 303
287 304
288 305
271 306
254 307
237 308
220 309
203 310
186 311
169 312
152 313
135 314
118 315
101 316
84 317
67 318
50 319
33 320
32 321
289 290
290 291
291 292
292 293
293 294
294 295
295 296
296 297
297 298
298 299
299 300
300 301
301 302
302 303
303 304
304 305
321 320
320 319
319 318
318 317
317 316
316 315
315 314
314 313
313 312
312 311
311 310
310 309
309 308
308 307
307 306
306 305
289 322
290 323
291 324
292 325
293 326
294 327
295 328
296 329
297 330
298 331
299 332
300 333
301 334
302 335
303 336
304 337
305 338
322 323
323 324
324 325
325 326
326 327
327 328
328 329
329 330
330 331
331 332
332 333
333 334
334 335
335 336
336 337
337 338
322 339
323 340
324 341
325 342
326 343
327 344
328 345
329 346
330 347
331 348
332 349
333 350
334 351
335 352
336 353
337 354
338 355
339 340
340 341
341 342
342 343
343 344
344 345
345 346
346 347
347 348
348 349
349 350
350 351
351 352
352 353
353 354
354 355
356 357
358 359
360 361
362 363
364 365
366 367
368 369
370 371
372 373
374 375
376 377
378 379
380 381
382 383
384 385
386 387
388 389
357 359
359 361
361 363
363 365
365 367
367 369
369 371
371 373
373 375
375 377
377 379
379 381
381 383
383 385
385 387
387 389
306 390
307 391
308 392
309 393
310 394
311 395
312 396
313 397
314 398
315 399
316 400
317 401
318 402
319 403
320 404
321 405
405 404
404 403
403 402
402 401
401 400
400 399
399 398
398 397
397 396
396 395
395 394
394 393
393 392
392 391
391 390
390 338
390 406
391 407
392 408
393 409
394 410
395 411
396 412
397 413
398 414
399 415
400 416
401 417
402 418
403 419
404 420
405 421
421 420
420 419
419 418
418 417
417 416
416 415
415 414
414 413
413 412
412 411
411 410
410 409
409 408
408 407
407 406
406 355
406 422
407 423
408 424
409 425
410 426
411 427
412 428
413 429
414 430
415 431
416 432
417 433
418 434
419 435
420 436
421 437
437 436
436 435
435 434
434 433
433 432
432 431
431 430
430 429
429 428
428 427
427 426
426 425
425 424
424 423
423 422
422 388
422 438
423 439
424 440
425 441
426 442
427 443
428 444
429 445
430 446
431 447
432 448
433 449
434 450
435 451
436 452
437 453
453 452
452 451
451 450
450 449
449 448
448 447
447 446
446 445
445 444
444 443
443 442
442 441
441 440
440 439
439 438
438 389
339 356
340 358
341 360
342 362
343 364
344 366
345 368
346 370
347 372
348 374
349 376
350 378
351 380
352 382
353 384
354 386
355 388
356 358
358 360
360 362
362 364
364 366
366 368
368 370
370 372
372 374
374 376
376 378
378 380
380 382
382 384
384 386
386 388
454 0
455 454
455 2
456 455
456 4
457 456
457 6
458 457
458 8
459 458
459 10
460 459
460 12
461 460
461 14
462 461
462 16
463 462
463 18
464 463
464 20
465 464
465 22
466 465
466 24
467 466
467 26
468 467
468 28
469 468
469 30
470 469
470 32
470 471
471 321
471 472
472 405
472 473
473 421
473 474
474 437
474 475
475 453
476 454
477 476
477 455
478 477
478 456
479 478
479 457
480 479
480 458
481 480
481 459
482 481
482 460
483 482
483 461
484 483
484 462
485 484
485 463
486 485
486 464
487 486
487 465
488 487
488 466
489 488
489 467
490 489
490 468
491 490
491 469
492 491
492 470
492 493
493 471
493 494
494 472
494 495
495 473
495 496
496 474
496 497
497 475
498 476
499 498
499 477
500 499
500 478
501 500
501 479
502 501
502 480
503 502
503 481
504 503
504 482
505 504
505 483
506 505
506 484
507 506
507 485
508 507
508 486
509 508
509 487
510 509
510 488
511 510
511 489
512 511
512 490
513 512
513 491
514 513
514 492
514 515
515 493
515 516
516 494
516 517
517 495
517 518
518 496
518 519
519 497
91 109
109 125
0 0
