289 544
1 5
2 5
1 6
2 6
1 7
2 7
1 8
2 8
1 9
2 9
1 10
2 10
1 11
2 11
1 12
2 12
1 13
2 13
1 14
2 14
1 15
2 15
1 16
2 16
1 17
2 17
1 18
2 18
1 19
2 19
1 20
2 20
1 21
2 21
3 5
3 6
3 7
3 8
3 9
3 10
3 11
3 12
3 13
3 14
3 15
3 16
3 17
3 18
3 19
3 20
3 21
4 5
4 6
4 7
4 8
4 9
4 10
4 11
4 12
4 13
4 14
4 15
4 16
4 17
4 18
4 19
4 20
4 21
5 5
5 6
5 7
5 8
5 9
5 10
5 11
5 12
5 13
5 14
5 15
5 16
5 17
5 18
5 19
5 20
5 21
6 5
6 6
6 7
6 8
6 9
6 10
6 11
6 12
6 13
6 14
6 15
6 16
6 17
6 18
6 19
6 20
6 21
7 5
7 6
7 7
7 8
7 9
7 10
7 11
7 12
7 13
7 14
7 15
7 16
7 17
7 18
7 19
7 20
7 21
8 5
8 6
8 7
8 8
8 9
8 10
8 11
8 12
8 13
8 14
8 15
8 16
8 17
8 18
8 19
8 20
8 21
9 5
9 6
9 7
9 8
9 9
9 10
9 11
9 12
9 13
9 14
9 15
9 16
9 17
9 18
9 19
9 20
9 21
10 5
10 6
10 7
10 8
10 9
10 10
10 11
10 12
10 13
10 14
10 15
10 16
10 17
10 18
10 19
10 20
10 21
11 5
11 6
11 7
11 8
11 9
11 10
11 11
11 12
11 13
11 14
11 15
11 16
11 17
11 18
11 19
11 20
11 21
12 5
12 6
12 7
12 8
12 9
12 10
12 11
12 12
12 13
12 14
12 15
12 16
12 17
12 18
12 19
12 20
12 21
13 5
13 6
13 7
13 8
13 9
13 10
13 11
13 12
13 13
13 14
13 15
13 16
13 17
13 18
13 19
13 20
13 21
14 5
14 6
14 7
14 8
14 9
14 10
14 11
14 12
14 13
14 14
14 15
14 16
14 17
14 18
14 19
14 20
14 21
15 5
15 6
15 7
15 8
15 9
15 10
15 11
15 12
15 13
15 14
15 15
15 16
15 17
15 18
15 19
15 20
15 21
16 5
16 6
16 7
16 8
16 9
16 10
16 11
16 12
16 13
16 14
16 15
16 16
16 17
16 18
16 19
16 20
16 21
17 5
17 6
17 7
17 8
17 9
17 10
17 11
17 12
17 13
17 14
17 15
17 16
17 17
17 18
17 19
17 20
17 21
0 1
2 0
2 3
4 2
4 5
6 4
6 7
8 6
8 9
10 8
10 11
12 10
12 13
14 12
14 15
16 14
16 17
18 16
18 19
20 18
20 21
22 20
22 23
24 22
24 25
26 24
26 27
28 26
28 29
30 28
30 31
32 30
32 33
1 34
3 1
3 35
5 3
5 36
7 5
7 37
9 7
9 38
11 9
11 39
13 11
13 40
15 13
15 41
17 15
17 42
19 17
19 43
21 19
21 44
23 21
23 45
25 23
25 46
27 25
27 47
29 27
29 48
31 29
31 49
33 31
33 50
34 51
35 34
35 52
36 35
36 53
37 36
37 54
38 37
38 55
39 38
39 56
40 39
40 57
41 40
41 58
42 41
42 59
43 42
43 60
44 43
44 61
45 44
45 62
46 45
46 63
47 46
47 64
48 47
48 65
49 48
49 66
50 49
50 67
51 68
52 51
52 69
53 52
53 70
54 53
54 71
55 54
55 72
56 55
56 73
57 56
57 74
58 57
58 75
59 58
59 76
60 59
60 77
61 60
61 78
62 61
62 79
63 62
63 80
64 63
64 81
65 64
65 82
66 65
66 83
67 66
67 84
68 85
69 68
69 86
70 69
70 87
71 70
71 88
72 71
72 89
73 72
73 90
74 73
74 91
75 74
75 92
76 75
76 93
77 76
77 94
78 77
78 95
79 78
79 96
80 79
80 97
81 80
81 98
82 81
82 99
83 82
83 100
84 83
84 101
85 102
86 85
86 103
87 86
87 104
88 87
88 105
89 88
89 106
90 89
90 107
91 90
91 108
92 91
92 109
93 92
93 110
94 93
94 111
95 94
95 112
96 95
96 113
97 96
97 114
98 97
98 115
99 98
99 116
100 99
100 117
101 100
101 118
102 119
103 102
103 120
104 103
104 121
105 104
105 122
106 105
106 123
107 106
107 124
108 107
108 125
109 108
109 126
110 109
110 127
111 110
111 128
112 111
112 129
113 112
113 130
114 113
114 131
115 114
115 132
116 115
116 133
117 116
117 134
118 117
118 135
119 136
120 119
120 137
121 120
121 138
122 121
122 139
123 122
123 140
124 123
124 141
125 124
125 142
126 125
126 143
127 126
127 144
128 127
128 145
129 128
129 146
130 129
130 147
131 130
131 148
132 131
132 149
133 132
133 150
134 133
134 151
135 134
135 152
136 153
137 136
137 154
138 137
138 155
139 138
139 156
140 139
140 157
141 140
141 158
142 141
142 159
143 142
143 160
144 143
144 161
145 144
145 162
146 145
146 163
147 146
147 164
148 147
148 165
149 148
149 166
150 149
150 167
151 150
151 168
152 151
152 169
153 170
154 153
154 171
155 154
155 172
156 155
156 173
157 156
157 174
158 157
158 175
159 158
159 176
160 159
160 177
161 160
161 178
162 161
162 179
163 162
163 180
164 163
164 181
165 164
165 182
166 165
166 183
167 166
167 184
168 167
168 185
169 168
169 186
170 187
171 170
171 188
172 171
172 189
173 172
173 190
174 173
174 191
175 174
175 192
176 175
176 193
177 176
177 194
178 177
178 195
179 178
179 196
180 179
180 197
181 180
181 198
182 181
182 199
183 182
183 200
184 183
184 201
185 184
185 202
186 185
186 203
187 204
188 187
188 205
189 188
189 206
190 189
190 207
191 190
191 208
192 191
192 209
193 192
193 210
194 193
194 211
195 194
195 212
196 195
196 213
197 196
197 214
198 197
198 215
199 198
199 216
200 199
200 217
201 200
201 218
202 201
202 219
203 202
203 220
204 221
205 204
205 222
206 205
206 223
207 206
207 224
208 207
208 225
209 208
209 226
210 209
210 227
211 210
211 228
212 211
212 229
213 212
213 230
214 213
214 231
215 214
215 232
216 215
216 233
217 216
217 234
218 217
218 235
219 218
219 236
220 219
220 237
221 238
222 221
222 239
223 222
223 240
224 223
224 241
225 224
225 242
226 225
226 243
227 226
227 244
228 227
228 245
229 228
229 246
230 229
230 247
231 230
231 248
232 231
232 249
233 232
233 250
234 233
234 251
235 234
235 252
236 235
236 253
237 236
237 254
238 255
239 238
239 256
240 239
240 257
241 240
241 258
242 241
242 259
243 242
243 260
244 243
244 261
245 244
245 262
246 245
246 263
247 246
247 264
248 247
248 265
249 248
249 266
250 249
250 267
251 250
251 268
252 251
252 269
253 252
253 270
254 253
254 271
255 272
256 255
256 273
257 256
257 274
258 257
258 275
259 258
259 276
260 259
260 277
261 260
261 278
262 261
262 279
263 262
263 280
264 263
264 281
265 264
265 282
266 265
266 283
267 266
267 284
268 267
268 285
269 268
269 286
270 269
270 287
271 270
271 288
273 272
274 273
275 274
276 275
277 276
278 277
279 278
280 279
281 280
282 281
283 282
284 283
285 284
286 285
287 286
288 287
0 0
