750 901
1 5
2 5
1 6
1 7
1 8
1 9
1 10
1 11
1 12
1 13
1 14
1 15
2 15
1 16
1 17
1 18
1 19
5 19
1 20
5 20
1 21
3 5
2 6
3 6
2 7
3 7
2 8
3 8
2 9
3 9
2 10
3 10
2 11
3 11
2 12
3 12
2 13
3 13
2 14
3 14
3 15
2 16
6 16
2 17
6 17
2 18
4 5
4 6
5 5
5 6
4 8
5 8
4 9
4 10
4 11
5 11
4 12
5 12
6 5
5 7
5 9
6 9
5 10
6 11
6 12
6 18
7 5
6 10
7 11
7 12
6 13
6 14
6 15
7 15
6 19
6 20
7 20
6 21
8 5
7 13
7 14
8 15
8 19
7 21
9 5
8 18
12 18
8 20
9 20
9 8
10 8
9 9
9 10
9 11
10 11
9 17
9 14
11 17
9 19
13 19
10 6
11 6
10 7
11 7
11 8
10 9
10 10
11 11
12 6
12 7
11 9
11 10
14 10
12 11
11 14
11 21
11 20
13 6
13 7
13 11
13 14
12 15
13 15
14 6
14 7
13 16
13 17
13 18
15 6
14 8
15 8
15 10
14 13
15 13
14 20
15 20
14 21
16 6
15 7
16 7
15 9
16 9
16 10
16 13
15 14
16 14
17 5
17 6
17 7
17 9
17 10
16 11
17 11
16 12
17 12
16 21
33 6
33 5
33 7
33 8
33 9
33 10
33 11
33 12
33 13
33 14
33 15
33 16
33 17
33 18
33 19
33 20
33 21
10 20
10 21
2 21
1 22
3 21
2 22
3 22
6 22
9 21
9 22
12 21
13 21
15 21
17 21
33 22
33 23
33 24
33 25
33 26
33 27
33 28
33 29
33 38
1 39
2 39
3 39
4 39
5 39
6 39
7 39
8 39
9 39
10 39
11 39
12 39
13 39
14 39
15 39
16 39
17 39
18 39
19 39
20 39
21 39
22 39
23 39
24 39
25 39
26 39
27 39
28 39
29 39
30 39
31 39
32 39
33 39
18 5
17 8
17 13
17 14
17 15
18 15
17 16
17 17
17 18
17 19
21 19
17 20
21 20
19 5
18 6
19 6
18 7
19 7
18 8
19 8
18 9
19 9
18 10
19 10
18 11
19 11
18 12
19 12
18 13
19 13
18 14
19 14
19 15
18 16
22 16
18 17
22 17
18 18
20 5
20 6
21 5
21 6
20 8
21 8
20 9
20 10
20 11
21 11
20 12
21 12
22 5
21 7
21 9
22 9
21 10
22 11
22 12
22 18
23 5
22 10
23 11
23 12
22 13
22 14
22 15
23 15
22 19
22 20
23 20
22 21
24 5
23 13
23 14
24 15
24 19
23 21
25 5
24 18
28 18
24 20
25 20
25 8
26 8
25 9
25 10
25 11
26 11
25 17
25 14
27 17
25 19
29 19
26 6
27 6
26 7
27 7
27 8
26 9
26 10
27 11
28 6
28 7
27 9
27 10
30 10
28 11
27 14
27 21
27 20
29 6
29 7
29 11
29 14
28 15
29 15
30 6
30 7
29 16
29 17
29 18
31 6
30 8
31 8
31 10
30 13
31 13
30 20
31 20
30 21
32 6
31 7
32 7
31 9
32 9
32 10
32 13
31 14
32 14
32 11
32 12
32 21
26 20
26 21
18 21
17 22
19 21
18 22
19 22
22 22
25 21
25 22
28 21
29 21
31 21
1 23
1 24
1 25
1 26
1 27
1 28
1 29
1 30
1 31
1 32
2 32
1 33
1 34
1 35
1 36
5 36
1 37
5 37
1 38
2 23
3 23
2 24
3 24
2 25
3 25
2 26
3 26
2 27
3 27
2 28
3 28
2 29
3 29
2 30
3 30
2 31
3 31
3 32
2 33
6 33
2 34
6 34
2 35
4 22
4 23
5 22
5 23
4 25
5 25
4 26
4 27
4 28
5 28
4 29
5 29
5 24
5 26
6 26
5 27
6 28
6 29
6 35
7 22
6 27
7 28
7 29
6 30
6 31
6 32
7 32
6 36
6 37
7 37
6 38
8 22
7 30
7 31
8 32
8 36
7 38
8 35
12 35
8 37
9 37
9 25
10 25
9 26
9 27
9 28
10 28
9 34
9 31
11 34
9 36
13 36
10 23
11 23
10 24
11 24
11 25
10 26
10 27
11 28
12 23
12 24
11 26
11 27
14 27
12 28
11 31
11 38
11 37
13 23
13 24
13 28
13 31
12 32
13 32
14 23
14 24
13 33
13 34
13 35
15 23
14 25
15 25
15 27
14 30
15 30
14 37
15 37
14 38
16 23
15 24
16 24
15 26
16 26
16 27
16 30
15 31
16 31
17 23
17 24
17 26
17 27
16 28
17 28
16 29
17 29
16 38
10 37
10 38
2 38
3 38
9 38
12 38
13 38
15 38
17 38
17 25
17 30
17 31
17 32
18 32
17 33
17 34
17 35
17 36
21 36
17 37
21 37
18 23
19 23
18 24
19 24
18 25
19 25
18 26
19 26
18 27
19 27
18 28
19 28
18 29
19 29
18 30
19 30
18 31
19 31
19 32
18 33
22 33
18 34
22 34
18 35
20 22
20 23
21 22
21 23
20 25
21 25
20 26
20 27
20 28
21 28
20 29
21 29
21 24
21 26
22 26
21 27
22 28
22 29
22 35
23 22
22 27
23 28
23 29
22 30
22 31
22 32
23 32
22 36
22 37
23 37
22 38
24 22
23 30
23 31
24 32
24 36
23 38
24 35
28 35
24 37
25 37
25 25
26 25
25 26
25 27
25 28
26 28
25 34
25 31
27 34
25 36
29 36
26 23
27 23
26 24
27 24
27 25
26 26
26 27
27 28
28 23
28 24
27 26
27 27
30 27
28 28
27 31
27 38
27 37
29 23
29 24
29 28
29 31
28 32
29 32
30 23
30 24
29 33
29 34
29 35
31 23
30 25
31 25
31 27
30 30
31 30
30 37
31 37
30 38
32 23
31 24
32 24
31 26
32 26
32 27
32 30
31 31
32 31
32 28
32 29
32 38
26 37
26 38
18 38
19 38
25 38
28 38
29 38
31 38
34 5
35 5
36 5
37 5
38 5
39 5
40 5
41 5
42 5
43 5
44 5
45 5
46 5
47 5
48 5
49 5
34 6
35 6
36 6
37 6
38 6
39 6
40 6
41 6
42 6
43 6
44 6
45 6
46 6
47 6
48 6
49 6
34 7
35 7
36 7
37 7
38 7
39 7
40 7
41 7
42 7
43 7
44 7
45 7
46 7
47 7
48 7
49 7
34 8
35 8
36 8
37 8
38 8
39 8
40 8
41 8
42 8
43 8
44 8
45 8
46 8
47 8
48 8
0 1
2 0
3 2
4 3
5 4
6 5
7 6
8 7
9 8
10 9
11 10
11 12
13 11
14 13
15 14
16 15
16 17
18 16
18 19
20 18
1 21
22 1
22 23
24 22
24 25
26 24
26 27
28 26
28 29
30 28
30 31
32 30
32 33
34 32
34 35
36 34
36 37
38 36
38 39
12 40
41 12
41 42
43 44
45 43
21 46
23 21
23 47
25 23
27 25
29 27
31 29
33 31
35 33
37 35
39 37
40 39
46 48
47 49
50 51
52 50
53 52
54 53
54 55
56 54
56 57
48 58
59 49
51 59
60 61
62 60
55 62
55 63
57 55
57 64
45 65
19 17
58 66
61 58
67 61
63 67
63 68
64 63
64 69
70 64
71 70
72 71
72 73
44 42
65 44
74 65
75 76
77 75
66 78
69 68
79 69
80 79
73 81
74 82
83 76
78 84
85 81
85 86
87 82
87 88
89 84
89 90
91 89
92 91
93 92
93 94
95 96
95 97
98 99
88 98
100 101
102 100
102 103
90 104
105 90
106 105
94 106
94 107
101 108
103 109
104 103
110 104
111 110
111 112
107 113
97 114
115 116
108 117
109 118
113 119
114 120
121 122
86 121
117 123
118 124
120 119
125 122
126 125
127 126
99 127
123 128
129 124
129 130
112 131
132 112
132 133
134 132
134 135
136 134
128 137
138 128
138 139
140 130
140 141
131 142
133 143
144 145
135 144
84 146
137 147
139 148
141 149
142 141
142 150
151 142
151 152
153 151
153 154
143 153
155 145
156 157
158 156
159 158
160 159
161 160
162 161
163 162
164 163
165 164
166 165
167 166
168 167
169 168
170 169
171 170
172 171
173 116
174 173
20 175
176 20
175 177
178 175
177 77
179 177
180 77
83 181
181 174
182 181
174 115
115 183
183 184
184 136
136 185
185 155
155 186
187 172
188 187
189 188
190 189
191 190
192 191
193 192
194 193
195 194
196 197
197 198
198 199
199 200
200 201
201 202
202 203
203 204
204 205
205 206
206 207
207 208
208 209
209 210
210 211
211 212
212 213
213 214
214 215
215 216
216 217
217 218
218 219
219 220
220 221
221 222
222 223
223 224
224 225
225 226
226 227
227 228
146 229
147 146
148 147
230 148
149 230
150 149
152 150
154 152
231 154
232 231
233 232
233 234
235 233
236 235
237 236
238 237
238 239
240 238
240 241
186 240
229 242
243 229
243 244
245 243
245 246
247 245
247 248
249 247
249 250
251 249
251 252
253 251
253 254
255 253
255 256
257 255
257 258
259 257
259 260
234 261
262 234
262 263
264 265
266 264
242 267
244 242
244 268
246 244
248 246
250 248
252 250
254 252
256 254
258 256
260 258
261 260
267 269
268 270
271 272
273 271
274 273
275 274
275 276
277 275
277 278
269 279
280 270
272 280
281 282
283 281
276 283
276 284
278 276
278 285
266 286
241 239
279 287
282 279
288 282
284 288
284 289
285 284
285 290
291 285
292 291
293 292
293 294
265 263
286 265
295 286
296 297
298 296
287 299
290 289
300 290
301 300
294 302
295 303
304 297
299 305
306 302
306 307
308 303
308 309
310 305
310 311
312 310
313 312
314 313
314 315
316 317
316 318
319 320
309 319
321 322
323 321
323 324
311 325
326 311
327 326
315 327
315 328
322 329
324 330
325 324
331 325
332 331
332 333
328 334
318 335
336 337
329 338
330 339
334 340
335 341
342 343
307 342
338 344
339 345
341 340
346 343
347 346
348 347
320 348
344 349
350 345
350 351
333 352
353 333
353 354
355 353
355 356
357 355
349 358
359 349
359 360
361 351
361 362
352 363
354 364
365 366
356 365
305 157
358 156
360 158
362 160
363 362
363 161
367 363
367 162
368 367
368 163
364 368
369 366
370 337
371 370
186 372
373 186
372 374
375 372
374 298
376 374
377 298
304 378
378 371
379 378
371 336
336 380
380 381
381 357
357 382
382 369
369 172
176 178
383 176
384 383
385 384
386 385
387 386
388 387
389 388
390 389
391 390
392 391
392 393
394 392
395 394
396 395
397 396
397 398
399 397
399 400
401 399
178 179
402 178
402 403
404 402
404 405
406 404
406 407
408 406
408 409
410 408
410 411
412 410
412 413
414 412
414 415
416 414
416 417
418 416
418 419
393 420
421 393
421 422
423 424
425 423
179 426
403 179
403 427
405 403
407 405
409 407
411 409
413 411
415 413
417 415
419 417
420 419
426 428
427 429
430 431
432 430
433 432
434 433
434 435
436 434
436 437
428 180
438 429
431 438
439 440
441 439
435 441
435 442
437 435
437 443
425 444
400 398
180 445
440 180
446 440
442 446
442 447
443 442
443 448
449 443
450 449
451 450
451 452
424 422
444 424
453 444
454 455
456 454
445 457
448 447
458 448
459 458
452 460
453 461
462 455
457 182
463 460
463 464
465 461
465 466
467 182
467 468
469 467
470 469
471 470
471 472
473 474
473 475
476 477
466 476
478 479
480 478
480 481
468 482
483 468
484 483
472 484
472 485
479 486
481 487
482 481
488 482
489 488
489 490
485 491
475 492
493 494
486 495
487 496
491 497
492 498
499 500
464 499
495 501
496 502
498 497
503 500
504 503
505 504
477 505
501 506
507 502
507 508
490 509
510 490
510 511
512 510
512 513
514 512
506 515
516 506
516 517
518 508
518 519
509 520
511 521
522 523
513 522
182 373
515 524
517 525
519 526
520 519
520 527
528 520
528 529
530 528
530 531
521 530
532 523
533 494
534 533
401 535
196 401
535 536
197 535
536 456
198 536
201 456
462 537
537 534
204 537
534 493
493 538
538 539
539 514
514 540
540 532
532 541
524 373
525 524
542 525
526 542
527 526
529 527
531 529
543 531
544 543
545 544
545 546
547 545
548 547
549 548
550 549
550 551
552 550
552 553
541 552
375 376
554 375
554 555
556 554
556 557
558 556
558 559
560 558
560 561
562 560
562 563
564 562
564 565
566 564
566 567
568 566
568 569
570 568
570 571
546 572
573 546
573 574
575 576
577 575
376 578
555 376
555 579
557 555
559 557
561 559
563 561
565 563
567 565
569 567
571 569
572 571
578 580
579 581
582 583
584 582
585 584
586 585
586 587
588 586
588 589
580 377
590 581
583 590
591 592
593 591
587 593
587 594
589 587
589 595
577 596
553 551
377 597
592 377
598 592
594 598
594 599
595 594
595 600
601 595
602 601
603 602
603 604
576 574
596 576
605 596
606 607
608 606
597 609
600 599
610 600
611 610
604 612
605 613
614 607
609 379
615 612
615 616
617 613
617 618
619 379
619 620
621 619
622 621
623 622
623 624
625 626
625 627
628 629
618 628
630 631
632 630
632 633
620 634
635 620
636 635
624 636
624 637
631 638
633 639
634 633
640 634
641 640
641 642
637 643
627 644
645 646
638 647
639 648
643 649
644 650
651 652
616 651
647 653
648 654
650 649
655 652
656 655
657 656
629 657
653 658
659 654
659 660
642 661
662 642
662 663
664 662
664 665
666 664
658 667
668 658
668 669
670 660
670 671
661 672
663 673
674 675
665 674
379 187
667 188
669 189
671 191
672 671
672 192
676 672
676 193
677 676
677 194
673 677
678 675
679 646
680 679
212 541
681 682
213 681
682 608
214 682
217 608
614 683
683 680
220 683
680 645
645 684
684 685
685 666
666 686
686 678
678 195
195 228
80 96
301 317
611 626
459 474
157 687
687 688
688 689
689 690
690 691
691 692
692 693
693 694
694 695
695 696
696 697
697 698
698 699
699 700
700 701
701 702
156 703
703 704
704 705
705 706
706 707
707 708
708 709
709 710
710 711
711 712
712 713
713 714
714 715
715 716
716 717
717 718
158 719
719 720
720 721
721 722
722 723
723 724
724 725
725 726
726 727
727 728
728 729
729 730
730 731
731 732
732 733
733 734
159 735
735 736
736 737
737 738
738 739
739 740
740 741
741 742
742 743
743 744
744 745
745 746
746 747
747 748
748 749
749 188
734 749
702 718
718 734
749 194
749 228
0 0
