252 410
1 5
2 5
1 6
2 6
1 7
2 7
1 8
2 8
1 9
2 9
1 10
2 10
1 11
2 11
1 12
2 12
1 13
2 13
1 14
2 14
1 15
2 15
1 16
2 16
1 17
2 17
1 18
2 18
1 19
2 19
1 20
2 20
1 21
2 21
3 5
3 11
3 12
3 13
3 14
3 15
3 16
3 17
3 18
3 19
3 20
3 21
4 5
3 6
4 6
3 7
4 7
3 8
4 8
3 9
4 9
4 12
4 13
4 14
4 15
4 16
4 17
4 18
4 19
4 21
5 5
5 6
5 7
5 8
5 9
4 10
5 10
4 11
5 11
5 12
5 13
5 14
5 15
5 16
5 17
5 18
5 19
4 20
5 20
5 21
6 5
6 6
6 7
6 8
6 11
6 12
6 13
6 14
6 20
6 21
7 5
7 6
7 7
7 12
7 13
7 14
6 15
7 15
6 16
7 16
6 17
7 17
6 18
7 18
6 19
7 19
7 20
7 21
8 5
8 6
8 7
8 12
8 16
8 17
8 18
8 19
8 20
8 21
9 5
9 6
9 7
9 12
8 13
9 13
8 14
9 14
8 15
9 15
9 16
9 17
9 18
9 19
9 20
9 21
10 5
10 6
10 7
10 12
10 13
10 14
10 15
10 18
10 19
10 20
10 21
11 5
11 6
11 7
10 8
11 8
10 11
11 11
11 12
11 13
11 14
11 19
11 20
11 21
12 5
12 6
12 7
12 8
11 9
12 9
11 10
12 10
12 11
12 12
12 13
12 14
12 19
12 20
12 21
13 5
13 6
13 10
13 11
13 12
13 13
13 14
13 19
13 21
14 5
14 6
13 7
14 7
13 8
14 8
13 9
14 9
14 10
14 11
14 12
14 13
14 14
14 19
13 20
14 20
14 21
15 5
15 6
15 7
15 8
15 9
15 10
15 11
15 12
15 13
15 14
15 19
15 20
15 21
16 5
16 6
16 7
16 8
16 9
16 10
16 11
16 12
16 13
16 14
15 15
16 15
15 18
16 18
16 19
16 20
16 21
17 5
17 8
17 9
17 10
17 11
17 12
17 13
17 14
17 15
16 16
17 16
16 17
17 17
17 18
17 19
17 20
17 21
17 6
17 7
0 1
2 0
2 3
4 2
4 5
6 4
6 7
8 6
8 9
10 8
10 11
12 10
12 13
14 12
14 15
16 14
16 17
18 16
18 19
20 18
20 21
22 20
22 23
24 22
24 25
26 24
26 27
28 26
28 29
30 28
30 31
32 30
32 33
1 34
5 3
7 5
9 7
11 9
13 11
13 35
15 13
15 36
17 15
17 37
19 17
19 38
21 19
21 39
23 21
23 40
25 23
25 41
27 25
27 42
29 27
29 43
31 29
31 44
33 45
34 46
47 34
47 48
49 47
49 50
51 49
51 52
53 51
53 54
36 35
36 55
37 36
37 56
38 37
38 57
39 38
39 58
40 39
40 59
41 40
41 60
42 41
42 61
43 42
43 62
44 43
45 63
46 64
48 46
48 65
50 48
50 66
52 50
52 67
54 68
69 54
69 70
71 69
71 72
55 71
55 73
56 55
56 74
57 56
57 75
58 57
58 76
59 58
59 77
60 59
60 78
61 60
61 79
62 61
62 80
81 82
63 81
63 83
64 84
65 64
65 85
66 65
66 86
67 66
67 87
70 68
72 70
72 88
73 72
73 89
74 73
74 90
75 74
75 91
76 75
77 76
78 77
79 78
80 79
82 92
83 82
83 93
84 94
85 84
85 95
86 85
86 96
87 86
89 88
89 97
90 89
90 98
91 90
91 99
100 101
102 100
102 103
104 102
104 105
106 104
106 107
108 106
108 109
92 108
92 110
93 92
93 111
94 112
95 94
95 113
96 95
96 114
97 115
98 97
99 98
101 99
103 101
103 116
105 103
105 117
107 105
107 118
109 107
109 119
110 109
110 120
111 110
111 121
112 122
113 112
113 123
114 113
114 124
115 125
126 115
126 127
128 126
128 129
130 128
130 131
116 132
117 116
117 133
118 117
118 134
119 118
119 135
120 119
120 136
121 120
121 137
122 138
123 122
123 139
124 123
124 140
125 141
127 125
127 142
129 127
129 143
131 129
131 144
132 131
133 132
134 133
134 145
135 134
135 146
136 135
136 147
137 136
137 148
138 149
139 138
139 150
140 139
140 151
152 140
152 153
154 155
141 154
141 156
142 141
142 157
143 142
143 158
144 143
146 145
146 159
147 146
147 160
148 147
148 161
149 162
150 149
150 163
151 150
151 164
153 151
153 165
166 153
166 167
168 169
155 168
155 170
156 155
156 171
157 156
157 172
158 157
158 173
159 174
160 159
160 175
161 160
161 176
162 177
163 162
163 178
164 163
165 164
167 165
169 179
170 169
170 180
171 170
171 181
172 171
172 182
173 172
173 183
174 184
175 174
176 175
176 185
177 186
178 177
178 187
188 189
190 188
190 191
192 190
192 193
179 192
179 194
180 179
180 195
181 180
181 196
182 181
182 197
183 182
183 198
184 199
200 184
200 201
185 202
186 203
187 186
187 204
189 205
191 189
191 206
193 191
193 207
194 193
194 208
195 194
195 209
196 195
196 210
197 196
197 211
198 197
198 212
199 213
201 199
201 214
202 215
203 216
204 203
204 217
205 218
206 205
206 219
207 206
207 220
208 207
208 221
209 208
209 222
210 209
210 223
211 210
211 224
212 211
212 225
226 212
226 227
228 229
213 228
213 230
214 213
214 231
215 232
216 233
217 216
219 218
219 234
220 219
220 235
221 220
221 236
222 221
222 237
223 222
223 238
224 223
224 239
225 224
225 240
227 225
227 241
242 227
242 243
244 242
244 245
229 244
229 246
230 229
230 247
231 230
231 248
232 249
250 233
251 250
234 251
235 234
236 235
237 236
238 237
239 238
240 239
241 240
243 241
245 243
246 245
247 246
248 247
249 248
0 0
